-114.03534050179209  36.9985670250896  
-114.03534050179209  36.19670322580645  
-114.2059498207885  36.03462437275986  
-114.40215053763438  36.15405089605734  
-114.71777777777775  36.07727670250896  
-114.69218637992829  35.846954121863796  
-114.64953405017918  35.56544874551971  
-114.63247311827955  35.062151254480284  
-114.4106810035842  34.584445161290326  
-114.14623655913977  34.31147025089606  
-114.50451612903224  33.944660215053766  
-114.59835125448026  33.48401505376344  
-114.71777777777775  33.39017992831541  
-114.658064516129  33.07455268817205  
-114.50451612903224  32.95512616487456  
-114.56422939068098  32.75039498207886  
-114.72630824372757  32.707742652329756  
-114.80308243727596  32.53713333333334  
-111.16910394265231  31.35139856630825  
-109.0706093189964  31.317276702508966  
-109.03648745519712  36.99003655913978  
-114.03534050179209  36.9985670250896  
