-114.78602150537633  32.52860286738352  
-114.71777777777775  32.716273118279574  
-114.4533333333333  32.92100430107527  
-114.67512544802865  33.134265949820794  
-114.70071684587812  33.407240860215055  
-114.49598566308241  33.73992903225807  
-114.15476702508958  34.294409318996415  
-114.48745519713259  34.70387168458782  
-114.64953405017918  35.42043082437276  
-114.71777777777775  36.12845949820788  
-114.24860215053761  36.068746236559136  
-114.06093189964156  36.24788602150537  
-114.04387096774191  37.007097491039424  
-109.04501792114694  37.04974982078853  
-109.04501792114694  31.35139856630825  
-111.07526881720429  31.317276702508966  
-114.78602150537633  32.52860286738352  
