-124.213333333  41.9886666667  
-120.035555556  41.9886666667  
-120.017777778  39.0731111111  
-119.822222222  38.8597777778  
-118.097777778  37.7042222222  
-114.72  35.0908888889  
-114.4  34.6464444444  
-114.151111111  34.2908888889  
-114.506666667  33.882  
-114.577777778  33.5797777778  
-114.72  33.3131111111  
-114.648888889  33.0642222222  
-114.471111111  32.9042222222  
-114.684444444  32.7442222222  
-117.137777778  32.5486666667  
-117.262222222  33.0286666667  
-117.777777778  33.4731111111  
-117.973333333  33.6686666667  
-118.4  33.7397777778  
-118.542222222  34.0064444444  
-119.004444444  34.0953333333  
-119.377777778  34.3264444444  
-120.497777778  34.4864444444  
-120.568888889  34.5931111111  
-120.711111111  35.1264444444  
-121.582222222  36.0153333333  
-122.186666667  36.9397777778  
-122.542222222  37.4908888889  
-122.524444444  37.7575555556  
-123.733333333  38.9842222222  
-123.857777778  39.7664444444  
-124.391111111  40.2997777778  
-124.195555556  41.0997777778  
-124.213333333  41.9886666667  
