-79.46623655913977  39.704869534050175  
-79.47641577060931  39.24680501792114  
-79.25247311827957  39.33841792114695  
-79.07942652329749  39.46056845878135  
-78.98781362007168  39.43003082437275  
-78.78422939068099  39.633615053763435  
-78.62136200716846  39.54200215053763  
-78.45849462365591  39.53182293906809  
-78.43813620071684  39.633615053763435  
-78.32616487455196  39.633615053763435  
-78.20401433691755  39.69469032258064  
-77.96989247311828  39.60307741935483  
-77.84774193548387  39.5928982078853  
-77.83756272401433  39.48092688172042  
-77.72559139784946  39.34859713261648  
-77.52200716845877  39.24680501792114  
-77.51182795698924  39.165371326164866  
-77.35913978494624  39.073758422939065  
-77.2573476702509  38.99232473118279  
-77.08430107526881  38.931249462365585  
-77.00286738351254  38.98214551971326  
-76.94179211469533  38.92107025089605  
-76.992688172043  38.84981577060931  
-77.12501792114695  38.31031756272401  
-77.00286738351254  38.33067598566308  
-76.88071684587813  38.19834623655913  
-76.37175627240143  38.08637491039426  
-76.5142652329749  38.697127598566304  
-76.37175627240143  39.1144752688172  
-76.21906810035841  38.28995913978494  
-75.99512544802867  37.88279068100358  
-75.22150537634408  37.923507526881714  
-75.02810035842293  38.40193046594982  
-75.63885304659497  38.45282652329749  
-75.83225806451613  39.725227956989244  
-79.46623655913977  39.704869534050175  
