-124.21904497629782  42.021444143831665  
-120.02474736963808  42.04375423748411  
-119.98012718233319  39.05420168805643  
-114.64801479939875  34.99376464331137  
-114.1795028326974  34.3690820210429  
-114.64801479939875  32.71813509076195  
-117.1244351948202  32.53965434154238  
-118.48535090761936  33.94519024164644  
-120.62711989825411  34.6144930512198  
-121.67569429991904  36.198509700543426  
-123.46050179211467  38.719550283269754  
-124.33059544456005  40.30356693259337  
-124.12980460168804  41.262900959648526  
-124.19673488264537  41.99913405017922  
-124.21904497629782  42.021444143831665  
